-280.31951904296875   170.95587158203125   -1328.83154296875  
-196.94284057617188   170.29934692382812   -1244.3538818359375  
-127.96636962890625   163.8599853515625   -1210.4073486328125  
120.80833435058594   -8.12862491607666   -1881.6383056640625  
134.84214782714844   -55.608238220214844   -1874.15625  
149.38076782226562   -102.76688385009766   -1865.5670166015625  
157.89642333984375   7.790061950683594   -1852.053955078125  
163.053466796875   -150.15895080566406   -1858.2071533203125  
172.2019500732422   -39.58191680908203   -1844.6949462890625  
176.6825714111328   -197.51834106445312   -1849.3773193359375  
186.23907470703125   -86.91332244873047   -1835.600830078125  
195.39810180664062   23.72650718688965   -1822.62890625  
200.5401611328125   -134.34446716308594   -1829.422607421875  
209.18763732910156   -23.55104637145996   -1814.67919921875  
214.21412658691406   -181.29000854492188   -1819.9044189453125  
223.8443145751953   -70.43919372558594   -1808.50439453125  
231.75257873535156   39.63947296142578   -1792.013916015625  
237.34042358398438   -118.2394790649414   -1798.5235595703125  
246.2436981201172   -7.397393226623535   -1786.0374755859375  
251.5972137451172   -165.66224670410156   -1790.731689453125  
259.6389465332031   -54.9456787109375   -1776.713623046875  
274.18157958984375   -101.92254638671875   -1768.9403076171875  
288.2203369140625   -149.69088745117188   -1761.1187744140625  


























