-280.3823547363281   170.90316772460938   -1328.9652099609375  
-197.0050506591797   170.24415588378906   -1244.405517578125  
-128.04002380371094   163.80938720703125   -1210.4930419921875  
-26.946945190429688   -108.20332336425781   -2001.320068359375  
-20.307144165039062   -59.18764877319336   -1992.9940185546875  
-13.821786880493164   -10.555574417114258   -1985.1212158203125  
-7.913464069366455   38.552730560302734   -1976.8255615234375  
-1.510148286819458   87.35071563720703   -1967.7022705078125  
12.877737998962402   -118.20217895507812   -1972.73046875  
19.34039878845215   -69.36254119873047   -1965.3170166015625  
25.382070541381836   -20.76761245727539   -1955.6883544921875  
31.613916397094727   28.417409896850586   -1947.688232421875  
37.89094924926758   77.21526336669922   -1938.7332763671875  
52.53505325317383   -128.66940307617188   -1944.2236328125  
58.47185516357422   -79.68594360351562   -1935.3978271484375  
65.37339782714844   -30.046199798583984   -1927.8828125  
70.90873718261719   18.16133689880371   -1918.19189453125  
77.48706817626953   66.87020874023438   -1909.6611328125  
91.30854034423828   -138.638671875   -1915.1153564453125  
97.72245025634766   -89.44003295898438   -1905.959228515625  
103.4308853149414   -40.71839904785156   -1897.257568359375  
110.27664947509766   8.384880065917969   -1889.064453125  
116.21873474121094   56.7040901184082   -1879.853271484375  


























