-280.3457336425781   170.8968048095703   -1328.9168701171875  
-196.96539306640625   170.22779846191406   -1244.36328125  
-128.00062561035156   163.79954528808594   -1210.4656982421875  
21.510835647583008   -264.5118408203125   -1975.6455078125  
29.32973861694336   -215.76600646972656   -1967.099365234375  
36.938602447509766   -167.3668975830078   -1958.3720703125  
44.094242095947266   -118.56069946289062   -1949.3099365234375  
51.66279602050781   -70.0679931640625   -1940.01708984375  
60.86970901489258   -275.75421142578125   -1946.9359130859375  
68.57545471191406   -227.30368041992188   -1938.9471435546875  
75.76318359375   -179.04861450195312   -1929.659423828125  
83.15705871582031   -130.03318786621094   -1920.3179931640625  
90.66483306884766   -81.53955841064453   -1910.70703125  
100.07855224609375   -287.5331726074219   -1918.090576171875  
107.20142364501953   -238.9066162109375   -1909.130859375  
115.29879760742188   -189.63600158691406   -1901.114013671875  
122.04139709472656   -141.6331787109375   -1890.8057861328125  
129.77426147460938   -93.17257690429688   -1881.663818359375  
138.31961059570312   -298.8925476074219   -1889.04296875  
145.8657684326172   -249.98489379882812   -1879.4105224609375  
152.8074493408203   -201.60089111328125   -1870.4097900390625  
160.92979431152344   -152.7385711669922   -1861.3778076171875  
168.1318817138672   -104.71178436279297   -1851.828125  


























