-280.4049072265625   170.87460327148438   -1328.9630126953125  
-197.03089904785156   170.21795654296875   -1244.393310546875  
-128.0697479248047   163.7898712158203   -1210.524658203125  
-75.28764343261719   -106.1335678100586   -2040.062255859375  
-69.100830078125   -56.9885139465332   -2032.2200927734375  
-63.124141693115234   -8.282320022583008   -2024.2611083984375  
-57.650028228759766   40.937705993652344   -2016.3155517578125  
-51.65541076660156   89.87846374511719   -2007.631103515625  
-29.573732376098633   -66.68161010742188   -2004.25927734375  
-35.51678466796875   -115.58840942382812   -2011.234375  
-24.048860549926758   -17.99821662902832   -1994.7105712890625  
-18.256271362304688   31.334714889526367   -1987.1451416015625  
-12.407586097717285   80.23706817626953   -1978.3990478515625  
3.952935218811035   -125.51158142089844   -1982.3414306640625  
9.467162132263184   -76.46537780761719   -1974.007080078125  
15.892306327819824   -26.72035789489746   -1966.8629150390625  
20.983057022094727   21.56397247314453   -1957.3863525390625  
27.11551284790039   70.41263580322266   -1948.9598388671875  
42.64033889770508   -135.02679443359375   -1953.2406005859375  
48.67394256591797   -85.73589324951172   -1944.387939453125  
53.79439163208008   -36.89635467529297   -1935.67578125  
60.304161071777344   12.286972999572754   -1927.6544189453125  
65.77660369873047   60.726593017578125   -1918.829345703125  


























