-280.3841552734375   170.8609619140625   -1328.9674072265625  
-197.01339721679688   170.19163513183594   -1244.4127197265625  
-128.04364013671875   163.7625732421875   -1210.4656982421875  
-42.483333587646484   -237.2385711669922   -2024.956787109375  
-47.102455139160156   -286.754638671875   -2031.1866455078125  
-38.00044631958008   -188.11477661132812   -2018.624267578125  
-34.06421661376953   -138.5125732421875   -2011.915283203125  
-29.643598556518555   -89.22834014892578   -2004.792724609375  
-7.207548141479492   -294.1072692871094   -2001.9378662109375  
-2.707240343093872   -244.7904815673828   -1995.8597412109375  
1.177544355392456   -195.71218872070312   -1988.2760009765625  
5.436075210571289   -146.03024291992188   -1982.1871337890625  
9.755560874938965   -96.71361541748047   -1975.047607421875  
32.26545715332031   -301.95269775390625   -1972.6055908203125  
36.35403823852539   -252.48001098632812   -1965.730224609375  
41.218727111816406   -202.3728485107422   -1959.82421875  
49.38358688354492   -104.42617797851562   -1945.21435546875  
44.785091400146484   -153.66912841796875   -1952.0501708984375  
71.2156982421875   -309.3277282714844   -1942.979736328125  
75.64312744140625   -259.53900146484375   -1935.096435546875  
79.32286071777344   -210.47137451171875   -1928.820068359375  
84.19548034667969   -160.82640075683594   -1922.0899658203125  
88.15199279785156   -112.0035400390625   -1914.7850341796875  


























