-280.366455078125   170.8685760498047   -1328.92724609375  
-196.991455078125   170.21588134765625   -1244.404541015625  
-128.0372314453125   163.77516174316406   -1210.4908447265625  
-1.3800082206726074   -300.53887939453125   -1996.3626708984375  
4.029309272766113   -251.19955444335938   -1989.60009765625  
9.346785545349121   -202.23455810546875   -1982.877685546875  
14.144838333129883   -152.76931762695312   -1975.4842529296875  
19.385028839111328   -103.64728546142578   -1967.944091796875  
38.32327651977539   -308.90618896484375   -1967.27587890625  
43.73081588745117   -259.698974609375   -1960.640625  
48.51403045654297   -210.84165954589844   -1952.9093017578125  
53.48832702636719   -161.2895965576172   -1945.9188232421875  
58.62396240234375   -112.1131362915039   -1938.2027587890625  
77.8433609008789   -317.77838134765625   -1938.07275390625  
82.59539794921875   -268.2895812988281   -1930.1597900390625  
88.31166076660156   -218.47305297851562   -1924.17822265625  
92.70635223388672   -169.94769287109375   -1916.0977783203125  
98.09426879882812   -120.81867218017578   -1908.3389892578125  
116.4293441772461   -326.0848388671875   -1908.2906494140625  
121.62580108642578   -276.431396484375   -1899.903076171875  
126.16184997558594   -227.50404357910156   -1893.0052490234375  
131.91156005859375   -178.0769500732422   -1886.1353759765625  
136.7145233154297   -129.3554229736328   -1877.9459228515625  


























