-280.3614501953125   170.88465881347656   -1328.9254150390625  
-196.98092651367188   170.2298583984375   -1244.4178466796875  
-128.0176239013672   163.78948974609375   -1210.4534912109375  
109.94628143310547   -312.7222595214844   -1909.2601318359375  
118.54327392578125   -264.1037902832031   -1899.8436279296875  
127.14152526855469   -216.0908966064453   -1891.181884765625  
135.22605895996094   -167.51535034179688   -1881.5120849609375  
143.59788513183594   -119.17811584472656   -1871.4920654296875  
149.1748504638672   -325.0962219238281   -1881.0601806640625  
157.71023559570312   -276.693359375   -1871.8868408203125  
165.68560791015625   -228.6291046142578   -1861.6741943359375  
174.13430786132812   -179.94737243652344   -1852.5155029296875  
188.1072235107422   -337.85943603515625   -1852.16796875  
182.38148498535156   -131.65455627441406   -1842.2462158203125  
196.17630004882812   -289.3415222167969   -1842.5738525390625  
205.12464904785156   -240.17462158203125   -1833.3485107421875  
212.69699096679688   -192.51324462890625   -1822.9219970703125  
221.3238525390625   -144.32711791992188   -1813.601806640625  
226.2493133544922   -350.12506103515625   -1823.215087890625  
234.72174072265625   -301.4355163574219   -1812.8988037109375  
242.4620819091797   -253.21481323242188   -1803.2484130859375  
251.41909790039062   -204.6168212890625   -1793.7294921875  
259.50933837890625   -156.8275146484375   -1783.7781982421875  


























