-280.3331604003906   170.90687561035156   -1328.89794921875  
-196.9389190673828   170.23155212402344   -1244.349853515625  
-127.9885482788086   163.80685424804688   -1210.45166015625  
268.1324462890625   -290.6852722167969   -1783.34912109375  
274.80572509765625   -241.54164123535156   -1775.9281005859375  
281.353271484375   -192.6810760498047   -1768.2999267578125  
287.34478759765625   -143.59384155273438   -1760.631103515625  
293.6255798339844   -94.62593841552734   -1752.4573974609375  
307.8826904296875   -300.30645751953125   -1754.5269775390625  
314.3597412109375   -251.4071502685547   -1747.302490234375  
320.2489929199219   -202.60165405273438   -1738.6011962890625  
326.73675537109375   -153.36428833007812   -1731.2176513671875  
332.8648986816406   -104.44165802001953   -1722.8529052734375  
347.3714294433594   -310.50567626953125   -1725.4498291015625  
353.2207336425781   -261.2610168457031   -1717.2301025390625  
360.1513366699219   -211.49734497070312   -1709.887939453125  
365.68359375   -163.19728088378906   -1701.1593017578125  
372.2530212402344   -114.3939208984375   -1693.459716796875  
385.7951354980469   -320.03314208984375   -1695.6005859375  
392.1022644042969   -270.6689147949219   -1687.107177734375  
397.8201599121094   -221.8572235107422   -1679.0001220703125  
404.7021179199219   -172.6568145751953   -1671.4405517578125  
410.7557373046875   -124.23309326171875   -1663.1405029296875  


























