-280.20294189453125   170.990234375   -1328.7509765625  
-196.7923583984375   170.33433532714844   -1244.2003173828125  
-127.81568908691406   163.8782958984375   -1210.231689453125  
295.4537658691406   -21.825939178466797   -1746.360595703125  
299.25909423828125   -71.7190170288086   -1746.8629150390625  
303.38385009765625   -121.56291198730469   -1746.449951171875  
306.8758544921875   -171.39739990234375   -1746.8076171875  
310.2878723144531   -221.36767578125   -1746.10205078125  
335.0343017578125   -18.939926147460938   -1715.783203125  
339.0334777832031   -68.75987243652344   -1716.427734375  
342.6796875   -118.7732925415039   -1715.625  
346.8133239746094   -168.63365173339844   -1717.3360595703125  
350.22784423828125   -218.2624969482422   -1715.988037109375  
374.78125   -16.140504837036133   -1685.1629638671875  
378.32672119140625   -65.88176727294922   -1685.34130859375  
382.8700866699219   -115.11326599121094   -1686.78515625  
386.01788330078125   -165.6339569091797   -1685.547607421875  
390.0789489746094   -215.68283081054688   -1685.7999267578125  
413.6261291503906   -13.2467041015625   -1653.807373046875  
417.7038269042969   -62.65384292602539   -1654.9847412109375  
420.8855895996094   -112.80258178710938   -1654.488037109375  
425.2649230957031   -162.3824462890625   -1654.8565673828125  
429.0304870605469   -212.6824493408203   -1655.3746337890625  


























