-280.2655944824219   170.9102020263672   -1328.8514404296875  
-196.86697387695312   170.24752807617188   -1244.318115234375  
-127.89977264404297   163.80438232421875   -1210.3660888671875  
310.6208801269531   -16.008460998535156   -1734.4285888671875  
306.85003662109375   33.905433654785156   -1733.5462646484375  
314.716796875   -65.8366928100586   -1734.2593994140625  
318.0482482910156   -115.64708709716797   -1734.6722412109375  
321.37762451171875   -165.66326904296875   -1734.206787109375  
346.4680480957031   36.68636703491211   -1703.005126953125  
350.4339294433594   -13.175642013549805   -1703.802490234375  
353.9627990722656   -63.18742370605469   -1703.1552734375  
357.9761047363281   -113.01393127441406   -1704.8768310546875  
361.30712890625   -162.66317749023438   -1703.853515625  
386.078125   39.342411041259766   -1672.0145263671875  
389.6048583984375   -10.412339210510254   -1672.5111083984375  
394.1739501953125   -59.698265075683594   -1674.5908203125  
397.24432373046875   -110.23416137695312   -1673.392333984375  
401.2178649902344   -160.28675842285156   -1673.8160400390625  
424.8472900390625   42.12522506713867   -1640.4124755859375  
429.04998779296875   -7.35648250579834   -1642.3873291015625  
432.18194580078125   -57.52415466308594   -1642.0733642578125  
436.4684753417969   -107.13288116455078   -1642.62255859375  
440.19354248046875   -157.4445343017578   -1643.5562744140625  


























