-280.3243408203125   170.9530029296875   -1328.87158203125  
-196.93222045898438   170.2816925048828   -1244.302001953125  
-127.97494506835938   163.8453826904297   -1210.4149169921875  
-1.7076696157455444   48.96748352050781   -1971.2802734375  
12.651165008544922   1.5365252494812012   -1964.2203369140625  
27.69927215576172   -45.55636215209961   -1955.654541015625  
35.26381301879883   65.08097839355469   -1941.84716796875  
41.70891189575195   -92.78864288330078   -1948.7117919921875  
49.92083740234375   17.7619686126709   -1934.806396484375  
55.73041534423828   -140.07383728027344   -1939.950927734375  
64.52945709228516   -29.463119506835938   -1925.763427734375  
72.6963119506836   81.21736145019531   -1912.4774169921875  
79.10968017578125   -76.80529022216797   -1919.818115234375  
86.8682632446289   33.97980880737305   -1904.3123779296875  
93.23028564453125   -123.62908935546875   -1910.650390625  
101.82882690429688   -12.805826187133789   -1898.4810791015625  
108.96128845214844   97.3044662475586   -1881.7889404296875  
115.88394927978516   -60.5239143371582   -1888.85205078125  
123.79435729980469   50.35525894165039   -1876.0057373046875  
130.49728393554688   -107.79704284667969   -1881.52587890625  
137.63914489746094   2.9278833866119385   -1866.9827880859375  
152.62062072753906   -43.990753173828125   -1859.2120361328125  
167.01797485351562   -91.66572570800781   -1851.5845947265625  


























