-280.28515625   170.9950408935547   -1328.776611328125  
-196.89743041992188   170.3363494873047   -1244.2574462890625  
-127.93537139892578   163.89195251464844   -1210.3570556640625  
-14.811323165893555   -59.632537841796875   -1991.0379638671875  
0.6658971905708313   -106.50804901123047   -1982.6739501953125  
16.8953914642334   -152.9632568359375   -1972.7794189453125  
21.52567481994629   -41.85907745361328   -1961.778564453125  
32.0010986328125   -199.58555603027344   -1964.30615234375  
37.29302215576172   -88.60230255126953   -1953.3192138671875  
47.281097412109375   -246.23837280273438   -1954.306640625  
53.131980895996094   -135.13046264648438   -1943.0487060546875  
58.4013786315918   -23.99959373474121   -1932.4569091796875  
68.79838562011719   -182.01861572265625   -1936.0203857421875  
73.70997619628906   -70.6568603515625   -1923.25390625  
84.12000274658203   -228.2140350341797   -1925.521484375  
89.8328857421875   -116.90078735351562   -1916.198486328125  
94.04852294921875   -6.221446514129639   -1902.0235595703125  
105.0302734375   -164.0132293701172   -1905.4637451171875  
110.0042724609375   -52.637813568115234   -1895.0450439453125  
120.81922912597656   -210.77552795410156   -1896.8607177734375  
124.98738098144531   -99.48841094970703   -1884.6134033203125  
141.1270751953125   -145.7601318359375   -1875.6572265625  
156.75119018554688   -192.89828491210938   -1867.10302734375  


























