-280.29449462890625   170.9831085205078   -1328.8333740234375  
-196.89405822753906   170.31886291503906   -1244.2587890625  
-127.93928527832031   163.88563537597656   -1210.3680419921875  
-7.073389530181885   7.163976192474365   -1979.0738525390625  
-11.058606147766113   57.064735412597656   -1977.7452392578125  
-2.357903242111206   -42.731361389160156   -1978.9256591796875  
1.4157439470291138   -92.3703384399414   -1979.4146728515625  
5.1768388748168945   -142.32241821289062   -1979.3350830078125  
28.484508514404297   60.02918243408203   -1947.685546875  
32.705909729003906   10.187395095825195   -1948.603515625  
36.9171257019043   -39.83639144897461   -1948.1552734375  
41.2338752746582   -89.52885437011719   -1950.19677734375  
45.208641052246094   -139.1497039794922   -1949.08154296875  
68.3777084350586   62.89201736450195   -1917.2093505859375  
72.23207092285156   13.179769515991211   -1917.54150390625  
77.00013732910156   -36.07966232299805   -1919.5186767578125  
85.07505798339844   -136.47206115722656   -1919.317626953125  
80.6268539428711   -86.58936309814453   -1918.474365234375  
107.24470520019531   65.83990478515625   -1885.841064453125  
111.71746063232422   16.465118408203125   -1887.630615234375  
119.95510864257812   -83.22550201416016   -1887.8076171875  
115.23006439208984   -33.606361389160156   -1887.2391357421875  
124.04507446289062   -133.4271240234375   -1888.7314453125  


























