-280.27752685546875   170.98626708984375   -1328.8211669921875  
-196.90042114257812   170.33299255371094   -1244.2679443359375  
-127.91715240478516   163.88006591796875   -1210.3221435546875  
42.82779312133789   -224.1537628173828   -1955.6572265625  
47.14630889892578   -174.56802368164062   -1949.717529296875  
51.44435119628906   -125.37837982177734   -1943.5311279296875  
55.12291717529297   -75.7631607055664   -1937.3502197265625  
59.2569694519043   -26.400718688964844   -1930.5994873046875  
82.78433990478516   -231.1517333984375   -1926.5689697265625  
87.01387786865234   -181.89720153808594   -1921.6417236328125  
90.7496566772461   -132.59536743164062   -1913.411376953125  
94.80883026123047   -82.89694213867188   -1907.677490234375  
98.81706237792969   -33.51323699951172   -1900.8359375  
122.5434341430664   -238.60403442382812   -1896.8863525390625  
126.30389404296875   -189.1809844970703   -1891.048828125  
130.90939331054688   -138.8874053955078   -1884.856689453125  
134.30958557128906   -90.12520599365234   -1877.3663330078125  
138.58477783203125   -40.853233337402344   -1871.001220703125  
161.45713806152344   -245.58242797851562   -1867.44287109375  
165.64830017089844   -195.85812377929688   -1860.6322021484375  
169.09698486328125   -146.5962371826172   -1853.7823486328125  
173.74472045898438   -96.91429138183594   -1847.6566162109375  
177.46609497070312   -48.05071258544922   -1840.416015625  


























