-280.25189208984375   171.02593994140625   -1328.7945556640625  
-196.8423614501953   170.3688507080078   -1244.220703125  
-127.8955078125   163.92581176757812   -1210.3304443359375  
116.10474395751953   -262.6278991699219   -1900.7978515625  
122.91504669189453   -213.68577575683594   -1893.7550048828125  
129.63169860839844   -164.91017150878906   -1885.7188720703125  
135.70457458496094   -115.79356384277344   -1877.387939453125  
142.24603271484375   -66.92710876464844   -1869.0758056640625  
155.68841552734375   -272.60064697265625   -1872.06201171875  
162.3157501220703   -223.74134826660156   -1864.6142578125  
168.57220458984375   -175.0476837158203   -1855.9295654296875  
175.0711669921875   -125.8656005859375   -1848.24609375  
181.45130920410156   -77.00579833984375   -1839.7525634765625  
195.19293212890625   -283.0507507324219   -1843.215087890625  
201.28086853027344   -233.9622802734375   -1834.9542236328125  
208.38424682617188   -184.22738647460938   -1827.3719482421875  
214.0393829345703   -136.01039123535156   -1818.3271484375  
220.80589294433594   -87.23531341552734   -1810.4332275390625  
233.7453155517578   -292.92083740234375   -1813.9654541015625  
240.2444610595703   -243.63088989257812   -1804.98876953125  
246.10792541503906   -194.89572143554688   -1796.693359375  
253.15052795410156   -145.71070861816406   -1788.7099609375  
259.3965148925781   -97.36316680908203   -1780.22119140625  


























