-280.24505615234375   171.0416717529297   -1328.7645263671875  
-196.84188842773438   170.38504028320312   -1244.2197265625  
-127.88128662109375   163.94113159179688   -1210.3043212890625  
210.35198974609375   -100.8232421875   -1818.0333251953125  
215.25759887695312   -150.6127166748047   -1817.48681640625  
220.62132263183594   -200.3652801513672   -1816.1212158203125  
225.24481201171875   -250.0554656982422   -1815.3602294921875  
229.8673095703125   -299.92376708984375   -1813.8140869140625  
249.79054260253906   -96.36654663085938   -1787.5380859375  
254.87008666992188   -146.10043334960938   -1787.00439453125  
259.7807922363281   -196.0166778564453   -1785.2283935546875  
265.0530700683594   -245.75582885742188   -1785.8533935546875  
269.6141357421875   -295.2610778808594   -1783.68798828125  
289.41961669921875   -92.04377746582031   -1757.049072265625  
294.09002685546875   -141.68702697753906   -1755.96923828125  
299.7226257324219   -190.83226013183594   -1756.4443359375  
304.093017578125   -241.2407989501953   -1754.1622314453125  
309.3067321777344   -291.1929626464844   -1753.568359375  
328.1020202636719   -87.61433410644531   -1725.5555419921875  
333.2910461425781   -136.93846130371094   -1725.7059326171875  
337.6722106933594   -186.96678161621094   -1724.195068359375  
343.1473388671875   -236.42098999023438   -1723.44287109375  
348.09759521484375   -286.6505432128906   -1723.150390625  


























