-280.211669921875   171.12002563476562   -1328.71728515625  
-196.8068389892578   170.46302795410156   -1244.190185546875  
-127.84748840332031   164.02059936523438   -1210.23974609375  
320.9750061035156   -195.25296020507812   -1735.9019775390625  
325.2494201660156   -145.6201934814453   -1730.5213623046875  
329.484130859375   -96.22019958496094   -1724.6202392578125  
333.0097351074219   -46.70307922363281   -1718.781494140625  
336.8652648925781   2.804048776626587   -1712.1988525390625  
360.94342041015625   -201.82861328125   -1706.474365234375  
365.2100524902344   -152.49774169921875   -1701.5145263671875  
368.7051086425781   -103.13809967041016   -1694.244140625  
372.8084411621094   -53.41649627685547   -1688.9423828125  
376.4319152832031   -3.9777379035949707   -1682.2540283203125  
400.7427978515625   -208.9789276123047   -1676.764404296875  
404.3426818847656   -159.26951599121094   -1670.7808837890625  
408.9670715332031   -109.08641815185547   -1665.7708740234375  
412.0594787597656   -60.25013732910156   -1658.5364990234375  
416.2452697753906   -10.956231117248535   -1652.7508544921875  
439.7196960449219   -215.55966186523438   -1647.03466796875  
443.69207763671875   -165.70220947265625   -1640.631591796875  
446.9928283691406   -116.44351196289062   -1634.2578125  
451.4686584472656   -66.69574737548828   -1628.516845703125  
455.1285705566406   -17.731746673583984   -1621.9315185546875  


























