-280.1976623535156   170.91310119628906   -1328.7567138671875  
-196.78085327148438   170.25672912597656   -1244.1488037109375  
-127.83265686035156   163.8263702392578   -1210.3084716796875  
278.74383544921875   -146.13006591796875   -1766.146484375  
283.84307861328125   -96.6570816040039   -1759.8709716796875  
288.95172119140625   -47.472999572753906   -1753.33251953125  
293.3992919921875   1.913317322731018   -1746.9803466796875  
298.0713195800781   51.20155334472656   -1739.4842529296875  
318.5301513671875   -153.8746795654297   -1736.826904296875  
323.6900329589844   -104.69633483886719   -1731.324951171875  
328.1325378417969   -55.540733337402344   -1723.1710205078125  
333.05914306640625   -5.997410297393799   -1716.985595703125  
337.67840576171875   43.273468017578125   -1709.695556640625  
358.3604736328125   -162.22732543945312   -1707.526123046875  
362.799072265625   -112.68782806396484   -1700.6453857421875  
368.2688903808594   -62.63703918457031   -1694.8740234375  
372.20721435546875   -13.989620208740234   -1686.719970703125  
377.2503662109375   35.153526306152344   -1680.0989990234375  
397.1232604980469   -169.93003845214844   -1677.758056640625  
401.98480224609375   -120.28205108642578   -1670.6248779296875  
406.116943359375   -71.17060089111328   -1663.447998046875  
411.512451171875   -21.612215042114258   -1657.0181884765625  
416.01385498046875   27.17342185974121   -1649.5916748046875  


























