-282.69696044921875    254.0500030517578    -1221.5413818359375  
-237.4126739501953    231.03749084472656    -1221.9644775390625  
-186.6908721923828    224.7906036376953    -1193.348388671875  
-158.334716796875    246.901123046875    -1139.078857421875  
68.79682922363281    -290.3000793457031    -1934.892822265625  
73.7544174194336    -240.59603881835938    -1931.3115234375  
78.48233032226562    -191.3072509765625    -1927.9825439453125  
82.57445526123047    -141.4381103515625    -1923.358642578125  
87.27149963378906    -91.83080291748047    -1918.7008056640625  
108.23759460449219    -296.2668762207031    -1904.6524658203125  
113.01173400878906    -246.91897583007812    -1901.6785888671875  
117.27425384521484    -197.6328582763672    -1896.67431640625  
121.77849578857422    -147.65550231933594    -1892.8721923828125  
126.19993591308594    -98.09077453613281    -1888.1334228515625  
147.53524780273438    -302.9988708496094    -1874.876953125  
151.67645263671875    -253.17181396484375    -1870.2301025390625  
156.8883514404297    -202.96636962890625    -1867.295654296875  
160.6561279296875    -153.9142608642578    -1861.69873046875  
165.3915252685547    -104.38259887695312    -1857.30126953125  
185.94903564453125    -309.0382080078125    -1844.2176513671875  
190.57162475585938    -259.0251159667969    -1839.258056640625  
194.43283081054688    -209.5597381591797    -1834.803955078125  
199.5523223876953    -159.70330810546875    -1830.94677734375  
203.80172729492188    -110.62377166748047    -1825.9554443359375  

























