-283.3009948730469    253.96621704101562    -1222.1656494140625  
-238.0130615234375    230.95762634277344    -1222.548583984375  
-187.29803466796875    224.71978759765625    -1193.9130859375  
-159.01129150390625    246.81106567382812    -1139.6441650390625  
267.5619812011719    -437.1100158691406    -1776.7589111328125  
273.39471435546875    -387.4761962890625    -1772.7100830078125  
279.0773620605469    -338.1429748535156    -1768.36181640625  
284.115478515625    -288.48358154296875    -1763.4549560546875  
289.5703125    -238.9967803955078    -1758.614013671875  
306.93109130859375    -444.10504150390625    -1746.885009765625  
312.60479736328125    -394.768798828125    -1742.8978271484375  
317.71044921875    -345.3864440917969    -1737.2264404296875  
323.2508544921875    -295.6584167480469    -1733.1080322265625  
328.5486145019531    -246.2525634765625    -1728.0928955078125  
346.2872009277344    -451.7933044433594    -1716.8197021484375  
351.2851257324219    -401.9740295410156    -1711.8143310546875  
357.3412780761719    -351.7242126464844    -1707.8050537109375  
361.9826354980469    -302.9076843261719    -1702.25048828125  
367.6821594238281    -253.5259552001953    -1697.7401123046875  
384.53912353515625    -458.6286926269531    -1686.0927734375  
390.0262756347656    -408.7325439453125    -1680.744873046875  
394.7683410644531    -359.4266662597656    -1675.882080078125  
400.8099060058594    -309.65234375    -1671.5047607421875  
406.020263671875    -260.700927734375    -1666.299560546875  

























