-282.3215026855469    254.32022094726562    -1221.1109619140625  
-237.0046844482422    231.2967071533203    -1221.5013427734375  
-186.2704315185547    225.03289794921875    -1192.8663330078125  
-157.89413452148438    247.1553497314453    -1138.6466064453125  
250.90737915039062    -465.8426208496094    -1790.216552734375  
255.27456665039062    -415.96380615234375    -1787.223876953125  
259.62451171875    -366.4191589355469    -1784.034912109375  
263.3722839355469    -316.6421203613281    -1780.6527099609375  
267.35565185546875    -266.8689270019531    -1776.779052734375  
290.4329528808594    -471.0709533691406    -1760.2271728515625  
294.8545837402344    -421.46099853515625    -1757.291748046875  
298.5093994140625    -371.9513244628906    -1752.8916015625  
302.6684875488281    -321.9171447753906    -1749.8658447265625  
306.4960632324219    -272.2679748535156    -1745.8472900390625  
329.9651794433594    -476.8965148925781    -1729.8897705078125  
333.55364990234375    -426.9538269042969    -1726.23779296875  
338.17083740234375    -376.3997802734375    -1723.0048828125  
341.4971008300781    -327.35931396484375    -1718.7354736328125  
345.7861022949219    -277.7509765625    -1715.381103515625  
368.3284606933594    -481.9919128417969    -1698.928955078125  
372.39886474609375    -431.84661865234375    -1694.72314453125  
375.8568420410156    -382.32470703125    -1691.1168212890625  
380.42315673828125    -332.33233642578125    -1687.9581298828125  
384.2298889160156    -283.1501770019531    -1683.9227294921875  

























