-282.3107604980469    254.3601837158203    -1221.0677490234375  
-237.00852966308594    231.34873962402344    -1221.498779296875  
-186.25970458984375    225.0946807861328    -1192.837646484375  
-157.87770080566406    247.20541381835938    -1138.6141357421875  
198.2921142578125    -455.4653015136719    -1832.5096435546875  
203.53518676757812    -405.7037353515625    -1828.972900390625  
208.50926208496094    -356.3147888183594    -1825.1015625  
213.059326171875    -306.5534973144531    -1820.7371826171875  
217.80722045898438    -256.94451904296875    -1816.22998046875  
237.74876403808594    -461.6591491699219    -1802.33056640625  
242.71051025390625    -412.15863037109375    -1798.7425537109375  
247.2419891357422    -362.7903137207031    -1793.8267822265625  
252.1694793701172    -312.9403076171875    -1790.2691650390625  
256.927001953125    -263.38714599609375    -1785.6732177734375  
277.0821533203125    -468.52252197265625    -1772.1346435546875  
281.4111022949219    -418.6648254394531    -1767.803466796875  
286.8850402832031    -368.3062744140625    -1764.2159423828125  
291.0571594238281    -319.379150390625    -1759.09521484375  
296.0806579589844    -269.8548583984375    -1755.049560546875  
315.3785095214844    -474.63763427734375    -1741.436279296875  
320.2557067871094    -424.62158203125    -1736.5419921875  
324.4888916015625    -375.214111328125    -1732.1416015625  
329.8277282714844    -325.3114929199219    -1728.260009765625  
334.40277099609375    -276.3027648925781    -1723.6336669921875  

























