-282.6520080566406    254.0200653076172    -1221.517822265625  
-237.35643005371094    230.9979248046875    -1221.89453125  
-186.62435913085938    224.75796508789062    -1193.2943115234375  
-158.2721405029297    246.87135314941406    -1139.03173828125  
64.15608215332031    -221.6298370361328    -1938.5242919921875  
72.02667236328125    -172.54371643066406    -1932.56298828125  
79.68119812011719    -123.74545288085938    -1925.8768310546875  
86.7469711303711    -74.54659271240234    -1919.1729736328125  
94.30095672607422    -25.547304153442383    -1912.084228515625  
103.16925811767578    -231.4432830810547    -1908.5660400390625  
110.86172485351562    -182.66758728027344    -1903.3916015625  
117.934814453125    -133.8551025390625    -1895.2247314453125  
125.474609375    -84.528076171875    -1888.9381103515625  
132.8689727783203    -35.623634338378906    -1882.05908203125  
141.82672119140625    -241.84841918945312    -1878.8892822265625  
149.076416015625    -192.74008178710938    -1872.38525390625  
157.21875    -143.00343322753906    -1866.2752685546875  
163.95944213867188    -94.66191101074219    -1858.4737548828125  
171.65553283691406    -45.76909255981445    -1851.86572265625  
179.8768310546875    -251.66595458984375    -1848.7801513671875  
187.4545440673828    -202.36021423339844    -1841.363525390625  
194.31732177734375    -153.45748901367188    -1834.500244140625  
202.4077606201172    -104.25309753417969    -1828.2733154296875  
209.597900390625    -55.82404327392578    -1820.8419189453125  

























