-282.6669616699219    254.0100860595703    -1221.5247802734375  
-237.36550903320312    231.00778198242188    -1221.926513671875  
-186.63194274902344    224.76026916503906    -1193.2882080078125  
-158.28443908691406    246.87435913085938    -1139.05615234375  
109.60090637207031    -222.623779296875    -1901.9837646484375  
118.4374771118164    -173.81846618652344    -1895.603515625  
126.98477935791016    -125.13987731933594    -1888.01025390625  
135.03436279296875    -76.2292709350586    -1880.633056640625  
143.50291442871094    -27.490224838256836    -1872.7747802734375  
148.46011352539062    -233.54576110839844    -1872.2994384765625  
157.0894012451172    -184.9629669189453    -1866.103759765625  
165.11729431152344    -136.40122985839844    -1857.333251953125  
173.5811309814453    -87.3678207397461    -1850.7054443359375  
181.82232666015625    -38.71100997924805    -1842.8729248046875  
187.14035034179688    -245.10128784179688    -1842.51171875  
195.1900177001953    -196.18484497070312    -1835.395751953125  
204.23252868652344    -146.697265625    -1828.7095947265625  
211.8520965576172    -98.62665557861328    -1820.3604736328125  
220.4881591796875    -49.978858947753906    -1813.119140625  
224.97589111328125    -256.01019287109375    -1812.65478515625  
233.40032958984375    -206.96054077148438    -1804.81640625  
241.16204833984375    -158.31243896484375    -1797.2413330078125  
250.17965698242188    -109.3493423461914    -1790.2840576171875  
258.2594299316406    -61.15627670288086    -1782.2208251953125  

























