-282.6148986816406    254.0030059814453    -1221.465576171875  
-237.32159423828125    230.99575805664062    -1221.9072265625  
-186.5824432373047    224.74378967285156    -1193.2586669921875  
-158.22601318359375    246.85025024414062    -1138.9874267578125  
144.53533935546875    -204.72512817382812    -1873.933349609375  
156.3423614501953    -156.80364990234375    -1864.52880859375  
167.90943908691406    -109.27974700927734    -1855.202392578125  
178.89962768554688    -61.351078033447266    -1845.3067626953125  
182.68252563476562    -219.41845703125    -1844.91650390625  
190.31137084960938    -13.654415130615234    -1835.5782470703125  
194.28726196289062    -171.76255798339844    -1835.7637939453125  
205.28314208984375    -124.33711242675781    -1825.3675537109375  
216.74508666992188    -76.2744140625    -1816.217529296875  
220.58782958984375    -234.77655029296875    -1815.9501953125  
227.9914093017578    -28.60829734802246    -1806.3680419921875  
231.61685180664062    -186.8275604248047    -1806.143798828125  
243.6940460205078    -138.3499755859375    -1797.1298828125  
254.21900939941406    -91.26459503173828    -1786.5521240234375  
257.6621398925781    -249.4024200439453    -1786.735595703125  
265.8496398925781    -43.67934036254883    -1777.1590576171875  
269.0959777832031    -201.3662567138672    -1776.5272216796875  
279.8218688964844    -153.73248291015625    -1766.5140380859375  
291.79962158203125    -105.79791259765625    -1757.017578125  
302.84393310546875    -58.63534927368164    -1746.892578125  

























