-282.6142272949219    254.0298309326172    -1221.4605712890625  
-237.32562255859375    231.01373291015625    -1221.889404296875  
-186.59634399414062    224.7735595703125    -1193.2532958984375  
-158.23484802246094    246.8808135986328    -1138.99755859375  
166.6781768798828    -275.3535461425781    -1856.5013427734375  
174.64248657226562    -226.2349395751953    -1850.539306640625  
182.40328979492188    -177.44744873046875    -1844.4033203125  
189.56536865234375    -128.28506469726562    -1837.7864990234375  
197.15423583984375    -79.27001953125    -1830.857177734375  
205.7196044921875    -285.2146911621094    -1827.0535888671875  
213.48426818847656    -236.34950256347656    -1821.2161865234375  
220.68565368652344    -187.54078674316406    -1813.63232421875  
228.3684844970703    -138.25205993652344    -1807.7578125  
235.77859497070312    -89.31097412109375    -1800.7303466796875  
244.60565185546875    -295.6368103027344    -1797.1549072265625  
251.80166625976562    -246.39404296875    -1790.42333984375  
260.0570373535156    -196.68434143066406    -1784.623046875  
266.8227233886719    -148.32615661621094    -1777.1143798828125  
274.57318115234375    -99.41871643066406    -1770.6839599609375  
282.6785888671875    -305.373779296875    -1767.1204833984375  
290.18743896484375    -255.97573852539062    -1759.77685546875  
297.15228271484375    -207.1651611328125    -1753.1968994140625  
305.2645263671875    -157.88421630859375    -1746.8255615234375  
312.5279541015625    -109.44730377197266    -1739.73828125  

























