-283.1427917480469    253.94647216796875    -1222.04296875  
-237.8519287109375    230.9373321533203    -1222.4146728515625  
-187.12704467773438    224.6958770751953    -1193.7772216796875  
-158.81982421875    246.78924560546875    -1139.50048828125  
223.0445556640625    -359.683349609375    -1812.116455078125  
226.63134765625    -309.6985168457031    -1809.5802001953125  
232.8850555419922    -210.1694793701172    -1803.970458984375  
230.05789184570312    -260.07086181640625    -1806.80908203125  
236.1810302734375    -160.30751037597656    -1800.6143798828125  
262.5530090332031    -363.8585205078125    -1781.74658203125  
266.1858215332031    -314.3025817871094    -1780.0184326171875  
269.0840148925781    -264.50830078125    -1775.370361328125  
275.3752136230469    -164.76840209960938    -1769.83447265625  
272.3387756347656    -214.49234008789062    -1773.197021484375  
302.2239990234375    -368.67803955078125    -1751.3807373046875  
305.01837158203125    -318.60577392578125    -1748.1712646484375  
308.9352111816406    -268.11126708984375    -1745.9866943359375  
311.4217529296875    -218.9880828857422    -1742.217041015625  
314.8311462402344    -169.24269104003906    -1739.2852783203125  
340.7865905761719    -372.85302734375    -1720.6048583984375  
343.95758056640625    -322.6138916015625    -1717.0081787109375  
350.4361877441406    -222.94183349609375    -1711.3104248046875  
346.6271667480469    -273.0299987792969    -1713.8870849609375  
353.39892578125    -173.6753387451172    -1707.765869140625  

























