-283.2816467285156    253.9282684326172    -1222.201904296875  
-237.98170471191406    230.91366577148438    -1222.544189453125  
-187.2605743408203    224.6721649169922    -1193.896484375  
-158.96044921875    246.76339721679688    -1139.587646484375  
243.66384887695312    -408.3353576660156    -1795.681396484375  
251.07742309570312    -359.0461120605469    -1790.369873046875  
258.2862243652344    -310.044921875    -1784.648681640625  
264.9907531738281    -260.7550964355469    -1778.7239990234375  
271.9508361816406    -211.5747833251953    -1772.4765625  
282.9201354980469    -417.3468933105469    -1765.969970703125  
290.09539794921875    -368.3226013183594    -1760.7274169921875  
296.67449951171875    -319.35260009765625    -1753.7947998046875  
303.8956604003906    -269.89776611328125    -1748.4599609375  
310.7032165527344    -220.8306427001953    -1742.0269775390625  
321.9833984375    -427.04595947265625    -1736.1932373046875  
328.5920715332031    -377.5709533691406    -1729.9591064453125  
336.18328857421875    -327.6443786621094    -1724.539794921875  
342.3474426269531    -279.1934814453125    -1717.8795166015625  
349.6642761230469    -230.1446533203125    -1712.0535888671875  
359.9694519042969    -435.9026794433594    -1705.6361083984375  
366.8565979003906    -386.33233642578125    -1699.0186767578125  
373.3367004394531    -337.3608093261719    -1692.9468994140625  
380.8418273925781    -287.92169189453125    -1687.1441650390625  
387.7087097167969    -239.33790588378906    -1680.8414306640625  

























