-283.30780029296875    253.92034912109375    -1222.2421875  
-238.00682067871094    230.9118194580078    -1222.558837890625  
-187.29396057128906    224.6746368408203    -1193.9222412109375  
-159.00181579589844    246.7655487060547    -1139.640380859375  
279.0390319824219    -410.3518981933594    -1767.3018798828125  
286.4255065917969    -361.0569152832031    -1762.1390380859375  
293.6522521972656    -312.0412902832031    -1756.3533935546875  
300.33111572265625    -262.7322998046875    -1750.223876953125  
307.3138122558594    -213.5650634765625    -1744.1322021484375  
318.2243347167969    -419.36273193359375    -1737.786865234375  
325.581787109375    -370.3134460449219    -1732.432861328125  
332.1200866699219    -321.3229064941406    -1725.503173828125  
339.3011779785156    -271.9255065917969    -1720.2711181640625  
346.0776672363281    -222.82577514648438    -1713.880615234375  
357.31256103515625    -429.0301208496094    -1707.7841796875  
363.93707275390625    -379.5539245605469    -1701.6229248046875  
371.5465087890625    -329.690673828125    -1696.5447998046875  
377.7854309082031    -281.15032958984375    -1689.5989990234375  
385.02520751953125    -232.11691284179688    -1683.8990478515625  
395.331298828125    -437.89544677734375    -1677.4459228515625  
402.29779052734375    -388.31878662109375    -1670.84619140625  
408.7474670410156    -339.3544616699219    -1664.7559814453125  
416.35980224609375    -289.89910888671875    -1659.056640625  
423.04473876953125    -241.29458618164062    -1652.5869140625  

























