-283.3153076171875    253.93069458007812    -1222.2208251953125  
-238.02517700195312    230.9261016845703    -1222.58203125  
-187.30938720703125    224.68836975097656    -1193.940673828125  
-159.01748657226562    246.7721405029297    -1139.67529296875  
286.327880859375    -429.1645812988281    -1761.640869140625  
293.6466369628906    -379.8395080566406    -1756.440673828125  
300.69244384765625    -330.816162109375    -1751.1309814453125  
307.1747741699219    -281.45916748046875    -1744.909912109375  
314.0622253417969    -232.26222229003906    -1738.9344482421875  
325.5230407714844    -438.0057373046875    -1731.9990234375  
332.6878967285156    -388.9475402832031    -1726.7620849609375  
339.2349853515625    -339.8915710449219    -1719.9951171875  
346.1460266113281    -290.4509582519531    -1714.74365234375  
352.8216857910156    -241.34449768066406    -1708.6026611328125  
364.6567077636719    -447.4778137207031    -1702.134521484375  
371.0644836425781    -397.98321533203125    -1695.98046875  
378.6119384765625    -348.00604248046875    -1690.586181640625  
384.6131591796875    -299.4848327636719    -1684.003173828125  
391.8812561035156    -250.43763732910156    -1678.6336669921875  
402.60760498046875    -456.1359558105469    -1671.4168701171875  
409.4896545410156    -406.5522155761719    -1665.080322265625  
415.82000732421875    -357.5534973144531    -1659.12060546875  
423.175048828125    -308.0312805175781    -1653.40966796875  
429.8950500488281    -259.43426513671875    -1647.2916259765625  

























